#/Library/Python/2.7/site-packages/ipykernel/__main__.py -f /Users/joshamilton/Library/Jupyter/runtime/kernel-b7e7b824-c4dd-4b2f-ae2f-c05e8e16f37d.json
# GMT Wed Sep 28 19:48:28 2016
# 
0
1 0
2
3
4 2 3
5
6 5
7 6
8 7
9 8
10 9 4
11 10
12 11
13 5 6 7 8 9 10 11 12
14 12
15 13 14
16
17
18
19
20
21
22 21
23 22
24
25
26
27
28 27
29
30 29
31
32 30 31
33
34
35 34
36
37
38
39
40
41
42
43
44
45
46
47
48
49
50
51
52
53
54
55
56
57
58
59
60
61
62
63
64
65
66 65
67
68
69
70
71 70
72 71
73
74
75
76 74 75
77
78 77
79 78
80
81
82
83
84
85
86
87 86
88
89
90
91
92
93
94
95 0 1 15 16 17 18 19 20 21 22 23 24 25 26 27 28 30 32 33 34 35 36 37 38 39 40 41 42 43 44 45 46 47 48 49 50 51 52 53 54 55 56 57 58 59 60 61 62 63 64 65 66 67 68 69 70 72 73 76 78 79 80 81 82 83 84 85 87 88 89 90 91 92 93 94
96 95
97 95
98
99 95
100
101 57 95
102 59 95
103 90
104 48 95
105 91
106
107 106
108 107 29 30
109 95
110 95
111
112 95
113 109
114 60 95
115 47 95
116 115
117 35 95
118
119 118 95
120 44 95
121 95
122 95
123 52 95
124 123
125 95
126 69
127 95
128 101
129 95
130 102
131
132 131
133 132 77
134 54 95
135 134
136 95
137 95
138 95
139 65
140 104
141 95
142 45 95
143 95
144 50 95
145
146 145
147 95
148 100 95
149 95
150 55 95
151 150
152 95
153 98 95
154 153 95
155
156 145 95
157 43 95
158
159 95
160 95
161 40 95
162 95
163 95 111
164 95
165 95
166 95
167 53 95
168 167
169 95
170 95
171 95
172 95
173 95
174 95
175 95
176 95
177 95
178 95
179
180 179 95
181 95
182 61 95
183 182
184 157
185 56 95
186 95
187 95
188 158
189 17
190 95
191 95
192 155 95
193 95
194 103
195 95
196 95
197 196
198 95
199 95
200 95
201 161
202 142
203 188 95
204 95
205 144
206 95
207 95
208 95
209 84 95
210 95
211 185
212 120
213 19 95
214 198
215 95
216 92
217 95
218 95
219 69
220 95
221 114
222 95
