#/Library/Python/2.7/site-packages/ipykernel/__main__.py -f /Users/joshamilton/Library/Jupyter/runtime/kernel-b7e7b824-c4dd-4b2f-ae2f-c05e8e16f37d.json
# GMT Wed Sep 28 19:48:28 2016
# 
0
1
2
3
4
5
6 4 5
7
8
9
10
11
12
13
14
15 14
16 15
17
18
19 18
20
21 20
22 21
23 22
24 23
25
26
27 25 26
28 24 27
29 28
30 29
31 20 21 22 23 24 28 29 30
32 30
33 32 31
34
35
36
37
38
39
40
41
42 41
43
44 43
45
46
47
48 37
49 48
50
51 50
52
53
54
55
56
57
58
59
60 1 2 3 6 7 8 9 10 11 12 13 15 16 17 18 19 33 34 35 36 37 38 39 40 41 42 43 44 45 46 47 49 51 52 53 54 55 56 57 58 59
61 0 60
62 60
63 60
64 60
65 64 60
66
67 60
68 60
69 68
70
71 60
72 66 60
73 72 60
74 60
75 60
76 75
77 60
78
79 60 78
80 60
81 80
82 53
83 77
84
85
86
87 86
88 50 51 87
89 63
90 60
91 60 78
92 67
93 47
94 85 14
95 60
96 60 78
97 60 78
98 71
99 60
100 60 70
101
102 60 78
103 60
104 46
105 60
106 60 78
107 60
108 62
109 60 101
110 60 78
111 60
112 60
113 60
114 60
115 57
116 60
117 60 84
118 60 78
119 60
120 53
121
122 121 60
123 60
124 60 78
125 60
126 1
127 60
128 127
129 60 78
130
131 130 60
132 60 78
133 115
134 60 78
135 60
136
137 136 60
138 107
139 60
140 60
141 60
142 60
143 58
144 60
145 47
146 60 78
147 60 78
148 60
