#/Library/Python/2.7/site-packages/ipykernel/__main__.py -f /Users/joshamilton/Library/Jupyter/runtime/kernel-b7e7b824-c4dd-4b2f-ae2f-c05e8e16f37d.json
# GMT Wed Sep 28 19:48:28 2016
# 
0
1
2
3
4
5
6
7
8
9 8
10
11
12
13 12
14
15
16 15
17
18
19 18
20
21
22
23 21 22
24 23
25
26
27 26
28
29
30 29
31
32 31
33 32
34
35 34
36 35
37 36
38 37
39
40
41 40 39
42 41 38
43
44
45
46
47
48
49
50
51
52
53
54
55
56
57
58
59
60
61
62
63
64
65
66
67
68
69
70
71
72
73
74
75
76 30
77
78 77
79
80
81
82 1 2 3 4 5 6 7 8 9 10 11 12 13 14 15 16 17 19 20 22 24 25 26 27 28 29 30 33 34 35 36 37 38 42 43 44 45 46 47 48 49 50 51 52 53 54 55 56 57 58 59 60 61 62 63 64 65 66 67 68 69 70 71 72 73 74 75 76 78 79 80 81
83 0 82
84 82 55
85 84
86
87 82 86
88
89 82
90 82
91
92 82 69
93 82 71
94 82
95 88 82
96 82 95
97 82 66
98 81
99 82 60
100 82
101 82
102 56 82
103 82
104 82
105 82
106 82
107 72 82
108 9 82
109 82
110 82 59
111
112 111
113 112 18 19
114 82
115 64 82
116 115
117 82
118 20
119 82
120 92
121 82
122
123 122 82
124 97
125 82
126 82
127 26
128 99
129 82
130 57 82
131 82
132 82 62
133 82
134 98
135
136 82
137 82 91
138 82
139 82
140 82 67
141 140
142 82 135
143 82
144
145 82
146 82
147 82
148 82 51
149 82
150 82
151 82
152
153 93
154 82
155 82 52
156 155
157 82
158 82
159 82
160 135
161 82
162 82
163 148
164 82 61
165 82
166 82
167 82
168
169 168 82
170 82
171 73 82
172 171
173 152 82
174 82 68
175 82
176 144
177 1
178 82
179 82
180
181 82 180
182 82
183 82
184 164
185 82
186 82
187 82
188 82
189 82 150
190 130
191 176 82
192 82
193 82
194 132
195 82
196 82
197 82
198 102
199 174
200 110
201 82
202 186
203 82
204 82
205 82
206 20
207 82
208 107
209 82
210 82
