contig	BIN_10	MEint3864	MEint885
group00000	0	1	0
group00001	1	1	1
group00002	1	1	1
group00003	1	1	1
group00004	1	1	1
group00005	1	0	0
group00006	1	1	0
group00007	1	1	0
group00008	1	0	0
group00009	0	1	0
group00010	1	1	0
group00011	1	1	1
group00012	1	1	1
group00013	1	1	1
group00014	1	1	1
group00015	1	1	1
group00016	1	1	1
group00017	1	1	1
group00018	1	1	1
group00019	1	1	1
group00020	0	1	0
group00021	0	1	1
group00022	1	1	1
group00023	1	0	1
group00024	1	0	1
group00025	1	1	1
group00026	1	0	0
group00027	1	1	1
group00028	1	1	1
group00029	1	1	0
group00030	1	1	1
group00031	1	1	1
group00033	1	1	0
group00034	1	1	0
group00035	1	0	0
group00037	1	0	0
group00040	1	1	1
group00041	1	1	1
group00042	1	0	1
group00043	0	1	0
group00044	1	1	1
group00045	1	0	0
group00046	0	1	1
group00047	1	1	1
group00048	1	1	1
group00049	1	1	1
group00050	1	1	1
group00051	1	0	1
group00052	1	0	0
group00053	1	0	0
group00054	1	1	1
group00055	1	1	1
group00056	1	1	1
group00057	1	1	1
group00059	1	0	1
group00060	1	1	0
group00061	1	0	0
group00062	1	1	1
group00063	1	1	1
group00064	1	1	1
group00065	1	1	1
group00066	1	1	1
group00067	1	1	1
group00068	1	1	1
group00070	1	1	1
group00071	1	1	1
group00072	1	1	1
group00073	1	1	0
group00074	1	0	1
group00075	1	1	1
group00076	1	1	1
group00077	1	1	1
group00078	1	1	1
group00079	1	1	1
group00080	1	1	1
group00081	1	1	1
group00082	1	1	0
group00083	1	0	0
group00084	1	1	1
group00085	1	1	1
group00086	1	1	1
group00088	1	1	0
group00089	1	1	1
group00090	1	1	1
group00091	1	1	1
group00092	1	1	1
group00093	1	1	1
group00094	1	1	1
group00095	1	1	0
group00096	1	1	1
group00097	1	1	1
group00098	1	1	1
group00099	1	1	1
group00100	1	0	1
group00101	1	1	1
group00102	1	0	1
group00104	1	1	1
group00105	1	1	1
group00106	1	1	1
group00107	1	1	0
group00108	1	1	0
group00109	1	1	1
group00110	1	1	1
group00111	1	1	1
group00112	1	1	1
group00113	1	1	1
group00114	1	1	1
group00115	1	1	1
group00116	1	1	1
group00117	1	1	1
group00118	1	1	1
group00119	1	1	1
group00120	1	1	1
group00121	1	0	1
group00122	1	1	1
group00123	1	0	1
group00124	1	1	1
group00125	1	1	1
group00126	1	1	1
group00127	1	1	1
group00128	1	1	1
group00129	1	1	0
group00130	1	1	1
group00131	1	1	1
group00132	1	1	1
group00133	1	1	0
group00134	1	0	1
group00135	1	1	1
group00136	1	1	1
group00138	1	0	0
group00139	1	1	1
group00140	1	1	1
group00141	1	0	1
group00142	1	1	1
group00143	1	1	1
group00144	1	1	1
group00145	1	1	1
group00146	1	1	1
group00147	1	1	1
group00148	1	1	1
group00149	1	1	1
group00150	1	1	0
group00151	1	0	0
group00152	1	1	0
group00153	1	1	1
group00154	1	0	1
group00155	1	1	1
group00156	1	0	1
group00157	1	0	1
group00158	1	0	1
group00159	1	0	1
group00160	1	0	1
group00161	1	0	0
group00162	1	1	1
group00163	1	1	1
group00164	1	1	1
group00165	1	1	1
group00166	1	1	1
group00167	1	1	0
group00168	1	1	0
group00169	1	0	0
group00170	1	1	1
group00171	1	0	0
group00172	1	1	1
group00173	0	1	0
group00174	1	0	1
group00175	0	1	1
group00176	1	0	0
group00177	1	1	1
group00178	1	0	0
group00179	1	1	1
group00180	1	1	1
group00181	1	0	0
group00182	1	0	1
group00184	1	1	1
group00185	1	1	1
group00186	1	1	1
group00187	1	0	0
group00188	1	1	1
group00189	1	1	1
group00190	1	1	0
group00191	1	1	0
group00192	1	1	1
group00193	1	1	1
group00194	1	0	0
group00195	1	1	1
group00196	1	1	1
group00197	1	0	0
group00198	1	1	1
group00199	1	0	1
group00200	1	1	1
group00201	1	0	1
group00202	1	1	1
group00203	1	0	0
group00204	1	0	1
group00205	1	1	1
group00206	1	1	1
group00207	1	0	0
group00208	1	0	0
group00210	1	1	1
group00211	1	1	1
group00212	1	1	1
group00213	1	1	1
group00214	1	0	0
group00215	1	1	1
group00216	1	0	0
group00217	1	1	1
group00218	1	1	1
group00219	1	0	0
group00220	1	1	1
group00221	1	1	1
group00222	1	1	1
group00223	1	0	0
group00224	1	0	1
group00225	1	1	1
group00226	1	1	1
group00227	1	1	1
group00228	1	1	0
group00229	1	0	1
group00230	1	1	1
group00231	1	0	0
group00232	1	1	0
group00233	1	0	1
group00234	1	0	1
group00235	1	1	1
group00236	1	1	1
group00237	1	1	1
group00238	1	1	1
group00239	1	1	1
group00240	1	1	1
group00241	1	0	0
group00242	1	0	1
group00243	1	1	1
group00244	1	1	1
group00245	1	1	0
group00246	1	1	1
group00247	1	1	1
group00248	1	1	1
group00249	1	1	1
group00250	1	0	0
group00251	1	0	1
group00252	1	1	1
group00253	1	1	1
group00254	1	1	0
group00256	1	0	1
group00257	1	1	1
group00258	1	1	1
group00259	0	1	1
group00260	1	1	1
group00261	1	1	1
group00262	1	1	1
group00263	1	1	0
group00265	1	0	0
group00266	0	1	1
group00267	1	0	1
group00268	1	1	1
group00269	1	1	1
group00270	1	1	1
group00271	1	1	1
group00272	1	1	1
group00273	1	0	0
group00274	1	0	1
group00275	1	0	1
group00276	1	1	1
group00277	1	1	1
group00278	1	1	1
group00279	1	1	1
group00280	1	0	0
group00281	1	0	0
group00282	1	1	0
group00283	1	0	1
group00284	1	1	1
group00285	1	0	1
group00287	1	0	1
group00289	1	1	0
group00291	1	1	1
group00292	1	1	1
group00293	1	1	1
group00294	1	1	1
group00295	1	1	1
group00296	1	1	1
group00297	1	1	1
group00299	1	1	1
group00300	1	0	0
group00301	1	1	1
group00302	1	0	0
group00303	1	0	1
group00304	1	1	0
group00305	1	0	1
group00306	1	1	1
group00307	1	1	1
group00308	1	1	1
group00309	1	0	0
group00310	1	1	0
group00311	1	1	0
group00312	1	1	1
group00313	1	1	0
group00314	1	1	1
group00315	1	0	0
group00316	1	1	1
group00317	1	1	1
group00318	1	1	1
group00319	1	0	1
group00320	1	1	1
group00321	1	1	0
group00322	1	1	1
group00323	1	0	0
group00324	1	0	1
group00325	1	1	0
group00326	1	1	1
group00327	0	1	0
group00328	1	1	0
group00329	1	0	0
group00330	1	1	0
group00331	1	1	1
group00332	1	1	1
group00333	1	1	1
group00334	1	1	1
group00335	1	1	1
group00336	1	1	1
group00337	1	1	0
group00338	1	1	1
group00339	1	0	0
group00341	1	0	0
group00342	1	1	0
group00343	1	0	1
group00344	1	1	0
group00345	1	0	1
group00346	1	0	1
group00347	1	0	1
group00348	1	0	0
group00349	1	0	0
group00350	1	0	1
group00351	1	0	1
group00352	1	1	1
group00353	1	1	1
group00354	1	0	1
group00355	1	1	1
group00356	1	0	0
group00357	1	1	0
group00358	1	0	0
group00359	1	0	0
group00360	1	1	1
group00361	1	1	1
group00362	1	1	1
group00363	1	1	1
group00364	1	1	1
group00365	1	1	1
group00366	1	1	1
group00368	1	1	1
group00369	0	1	0
group00370	1	1	1
group00371	1	1	1
group00372	1	0	1
group00373	1	0	1
group00374	1	1	0
group00375	1	1	1
group00376	1	1	1
group00377	1	1	1
group00378	1	0	0
group00379	1	0	1
group00380	1	1	1
group00381	1	1	1
group00382	1	1	1
group00383	1	1	1
group00384	1	1	1
group00385	1	0	1
group00386	1	0	0
group00387	1	0	0
group00388	1	1	1
group00389	1	0	1
group00390	1	1	0
group00391	1	1	1
group00392	1	0	1
group00393	1	1	0
group00394	1	1	1
group00396	1	1	1
group00397	1	0	1
group00398	1	1	1
group00399	0	1	0
group00400	1	0	0
group00401	1	1	1
group00402	1	0	0
group00403	1	1	1
group00404	1	1	1
group00405	1	1	1
group00406	1	1	0
group00407	0	1	1
group00408	0	1	1
group00409	1	0	0
group00410	1	1	1
group00412	1	1	1
group00413	1	1	1
group00414	1	1	1
group00415	1	0	0
group00416	1	1	0
group00417	0	0	1
group00418	0	0	1
group00419	1	1	1
group00420	0	0	1
group00421	1	1	0
group00422	1	1	0
group00423	1	0	1
group00425	1	1	1
group00426	1	0	1
group00427	1	0	0
group00428	1	0	1
group00429	1	1	1
group00430	1	1	1
group00431	1	0	1
group00432	1	0	1
group00433	0	1	0
group00434	0	1	1
group00436	1	0	1
group00437	1	1	0
group00439	1	0	0
group00441	1	1	1
group00442	1	0	0
group00443	1	1	1
group00444	1	1	1
group00445	1	1	1
group00446	1	1	0
group00447	1	0	1
group00448	1	0	0
group00449	1	0	0
group00450	1	0	0
group00451	1	1	0
group00452	1	1	1
group00453	0	0	1
group00454	1	1	1
group00455	1	1	1
group00456	1	1	1
group00457	1	1	0
group00458	1	1	1
group00459	1	1	1
group00461	1	1	0
group00464	1	0	1
group00465	1	0	0
group00466	0	0	1
group00467	1	0	0
group00468	1	0	1
group00470	1	0	1
group00471	0	0	1
group00472	0	0	1
group00473	1	1	1
group00474	1	1	1
group00475	1	1	0
group00476	1	1	1
group00477	1	1	0
group00478	1	0	1
group00479	1	1	0
group00480	1	0	0
group00481	1	1	0
group00482	1	1	0
group00483	1	1	1
group00484	1	0	0
group00485	1	1	1
group00486	1	0	1
group00487	1	1	1
group00488	1	1	1
group00491	1	0	1
group00492	1	1	0
group00493	1	0	0
group00495	1	1	0
group00496	1	1	1
group00498	1	1	1
group00499	1	0	1
group00500	0	1	0
group00503	1	1	1
group00504	0	1	0
group00505	0	1	0
group00506	1	1	1
group00507	1	1	1
group00509	1	0	1
group00510	0	1	0
group00511	1	0	0
group00512	1	1	1
group00513	1	1	1
group00514	1	0	0
group00516	1	0	0
group00517	1	0	0
group00518	1	1	0
group00519	1	1	1
group00521	1	1	0
group00522	1	0	1
group00523	1	1	0
group00524	1	0	1
group00525	1	0	0
group00526	1	1	1
group00528	0	0	1
group00529	1	0	0
group00530	1	1	0
group00532	1	0	1
group00533	1	0	1
group00534	1	0	1
group00535	1	0	1
group00536	0	1	1
group00537	1	1	1
group00538	1	1	1
group00539	1	1	1
group00540	1	0	0
group00541	1	0	0
group00542	1	0	1
group00543	1	0	1
group00544	0	1	1
group00545	1	1	1
group00546	1	0	0
group00547	1	0	0
group00548	1	1	1
group00550	1	1	1
group00551	1	1	1
group00552	1	0	1
group00553	1	0	1
group00554	1	0	0
group00555	1	1	0
group00556	1	0	0
group00557	1	0	0
group00558	1	1	0
group00561	1	0	0
group00562	1	1	0
group00563	1	1	1
group00564	1	1	1
group00565	1	1	1
group00566	1	1	1
group00567	1	1	1
group00568	1	0	0
group00569	1	1	0
group00570	1	0	1
group00571	1	1	1
group00572	1	0	1
group00573	1	0	0
group00574	1	0	1
group00575	1	1	1
group00576	1	1	1
group00577	1	0	1
group00578	1	1	1
group00579	1	1	0
group00580	1	1	0
group00582	1	0	0
group00583	1	0	1
group00584	1	1	1
group00585	1	0	0
group00586	1	1	0
group00587	0	0	1
group00588	1	0	1
group00589	1	1	1
group00590	1	0	0
group00591	1	1	1
group00592	1	1	1
group00593	1	0	1
group00594	1	0	1
group00595	1	1	1
group00596	1	1	0
group00597	1	0	0
group00598	1	1	0
group00599	1	1	1
group00600	1	0	0
group00601	1	1	1
group00605	1	0	0
group00607	1	1	1
group00608	0	0	1
group00609	1	0	1
group00610	1	0	0
group00611	1	1	0
group00612	1	1	1
group00613	1	1	0
group00614	1	1	0
group00616	1	1	1
group00617	1	1	1
group00618	1	0	0
group00620	1	0	1
group00621	1	1	1
group00624	1	0	0
group00625	1	0	0
group00627	1	1	1
group00628	1	0	1
group00630	1	1	1
group00631	1	1	1
group00632	1	1	1
group00633	1	0	1
group00634	1	0	0
group00636	1	1	1
group00637	1	0	0
group00638	1	0	0
group00639	0	1	1
group00640	1	1	1
group00641	1	1	0
group00642	1	1	1
group00643	1	0	0
group00644	1	0	0
group00645	1	1	1
group00646	1	0	1
group00648	1	1	1
group00649	1	1	1
group00650	1	1	1
group00651	1	1	1
group00653	1	1	1
group00654	0	1	1
group00655	1	1	0
group00657	1	1	1
group00658	1	0	1
group00659	1	1	1
group00660	1	0	0
group00661	0	1	1
group00662	1	0	0
group00663	0	1	0
group00664	1	0	1
group00665	1	1	1
group00666	1	1	0
group00668	0	1	0
group00669	1	0	0
group00671	0	1	0
group00673	1	0	1
group00674	0	0	1
group00675	1	1	1
group00676	1	0	1
group00677	1	1	1
group00678	1	0	1
group00682	0	1	0
group00683	1	1	1
group00684	1	0	1
group00685	1	0	1
group00687	1	1	1
group00688	1	1	0
group00689	1	1	0
group00690	1	1	0
group00691	1	1	0
group00692	1	0	1
group00693	1	0	0
group00694	1	1	1
group00695	1	1	0
group00696	1	0	0
group00699	0	0	1
group00700	1	1	1
group00701	1	0	1
group00702	1	1	1
group00703	1	1	1
group00704	1	1	0
group00705	1	0	0
group00708	1	1	1
group00709	1	1	0
group00711	1	0	1
group00713	0	1	1
group00714	1	1	1
group00715	1	1	0
group00717	1	1	1
group00718	1	1	1
group00719	1	1	1
group00720	1	1	1
group00721	1	1	0
group00722	1	1	1
group00723	1	0	0
group00725	1	1	1
group00726	1	1	1
group00727	1	1	1
group00728	1	1	1
group00729	1	0	0
group00730	1	0	0
group00734	1	1	0
group00735	1	1	1
group00736	1	0	1
group00737	1	0	1
group00738	0	1	0
group00741	1	0	1
group00744	1	1	1
group00745	1	0	1
group00746	1	0	1
group00747	1	1	1
group00748	1	1	1
group00749	0	1	0
group00750	1	1	1
group00753	1	0	0
group00755	1	1	0
group00756	1	1	0
group00757	0	1	0
group00758	1	0	1
group00760	1	0	1
group00761	1	1	1
group00763	1	0	0
group00764	1	1	0
group00765	1	1	1
group00766	1	1	1
group00768	1	1	1
group00769	1	1	1
group00770	1	1	1
group00771	1	0	0
group00772	1	1	1
group00773	1	1	0
group00774	1	1	0
group00779	1	1	1
group00780	1	0	1
group00781	1	1	1
group00783	1	1	1
group00784	1	0	0
group00785	0	1	0
group00786	1	1	0
group00788	1	1	1
group00789	1	1	1
group00792	1	0	0
group00793	1	1	1
group00794	1	0	0
group00795	1	1	1
group00796	1	1	0
group00797	1	1	1
group00798	0	0	1
group00799	1	1	1
group00800	1	0	0
group00801	1	0	0
group00802	1	1	0
group00803	1	1	1
group00804	1	0	1
group00805	1	0	0
group00806	1	0	1
group00809	1	1	1
group00810	1	0	0
group00811	1	1	0
group00813	0	1	1
group00814	1	1	1
group00816	1	1	0
group00817	0	1	0
group00819	1	0	0
group00820	1	0	0
group00821	0	1	0
group00822	1	0	0
group00823	1	1	1
group00824	1	0	0
group00825	1	0	0
group00826	1	1	0
group00827	1	1	1
group00828	1	0	1
group00830	1	0	0
group00831	1	1	1
group00832	1	1	1
group00833	1	1	0
group00834	1	1	0
group00835	1	0	1
group00837	1	1	1
group00838	0	1	1
group00839	1	0	1
group00840	1	1	1
group00842	0	1	0
group00844	1	0	0
group00846	1	1	1
group00849	1	1	0
group00850	1	0	1
group00851	1	1	1
group00852	1	0	1
group00854	0	0	1
group00855	1	1	1
group00856	1	1	1
group00857	1	1	1
group00858	1	1	0
group00860	0	1	0
group00862	1	1	1
group00863	1	0	0
group00864	1	1	1
group00865	1	0	0
group00866	1	0	0
group00867	1	1	1
group00869	1	0	1
group00870	1	1	1
group00871	1	0	1
group00875	1	1	1
group00876	1	1	1
group00877	1	1	1
group00878	1	1	1
group00879	1	1	0
group00880	1	1	1
group00882	1	1	1
group00883	1	1	1
group00884	0	1	0
group00886	0	1	0
group00887	1	1	0
group00888	1	1	1
group00889	1	0	1
group00890	1	1	1
group00891	1	1	1
group00892	1	1	1
group00893	1	0	1
group00894	1	0	0
group00895	1	0	0
group00896	1	0	0
group00898	1	1	0
group00902	1	0	1
group00903	1	1	1
group00904	1	1	1
group00905	1	1	1
group00906	0	1	1
group00908	1	1	0
group00910	1	1	1
group00911	1	1	1
group00912	1	0	0
group00913	1	1	1
group00915	1	1	1
group00916	1	0	0
group00917	1	0	0
group00922	0	0	1
group00923	1	1	1
group00924	1	1	1
group00925	0	1	0
group00929	1	1	1
group00930	1	1	1
group00931	1	1	1
group00933	1	0	1
group00935	0	0	1
group00936	1	1	1
group00937	1	1	0
group00938	1	1	0
group00939	1	0	1
group00940	1	1	1
group00942	1	1	1
group00944	1	1	0
group00945	1	1	0
group00947	1	1	0
group00948	1	0	1
group00949	1	0	0
group00950	1	0	1
group00951	1	0	1
group00952	1	0	1
group00954	1	1	1
group00955	0	1	0
group00956	1	1	0
group00960	1	0	0
group00961	1	1	1
group00962	1	0	0
group00964	0	1	0
group00965	1	0	1
group00969	1	1	0
group00970	0	1	1
group00972	1	1	1
group00973	1	0	1
group00975	1	1	0
group00976	1	1	0
group00978	1	1	1
group00979	1	0	0
group00981	1	1	1
group00983	1	1	1
group00984	0	1	0
group00985	1	1	1
group00986	1	0	0
group00989	1	1	1
group00995	1	1	1
group00996	1	1	1
group00997	1	1	1
group00998	1	1	1
group00999	1	1	1
group01000	1	0	1
group01003	1	0	1
group01004	1	1	1
group01006	1	0	0
group01007	1	1	1
group01008	1	0	1
group01009	1	0	0
group01010	0	1	0
group01012	0	1	0
group01016	1	1	1
group01017	1	0	1
group01018	0	1	1
group01020	1	0	1
group01021	1	1	1
group01022	1	1	1
group01023	1	0	0
group01024	1	1	1
group01025	1	0	1
group01026	1	1	0
group01028	1	1	1
group01029	1	1	1
group01030	1	1	0
group01032	0	0	1
group01034	1	1	1
group01036	1	1	1
group01037	0	0	1
group01038	1	1	0
group01039	1	1	1
group01042	1	0	1
group01045	1	1	1
group01046	1	1	1
group01047	1	0	0
group01048	1	0	0
group01049	1	0	0
group01052	1	0	0
group01055	0	1	1
group01056	0	1	0
group01058	1	0	0
group01059	1	1	0
group01060	0	0	1
group01063	1	0	1
group01066	1	1	1
group01067	1	1	0
group01070	1	0	0
group01071	1	0	1
group01072	1	0	1
group01073	1	0	0
group01074	1	0	0
group01075	1	1	1
group01080	0	1	1
group01082	1	1	1
group01083	1	0	1
group01085	0	0	1
group01088	0	1	0
group01091	1	1	0
group01092	1	1	1
group01093	1	1	0
group01095	1	1	0
group01096	1	1	1
group01097	1	1	1
group01098	1	1	0
group01101	1	0	0
group01102	1	0	0
group01106	1	1	1
group01107	1	1	1
group01108	1	0	1
group01109	1	1	1
group01110	1	0	0
group01111	1	1	0
group01114	0	1	0
group01118	1	1	1
group01119	1	1	1
group01120	1	0	0
group01121	1	1	1
group01122	1	0	0
group01123	0	1	0
group01124	1	1	1
group01125	1	0	0
group01126	1	1	1
group01129	1	0	0
group01130	1	1	0
group01132	1	1	0
group01137	1	1	0
group01139	1	1	1
group01142	0	0	1
group01143	1	0	0
group01144	1	1	0
group01147	1	1	1
group01149	0	1	0
group01159	1	1	1
group01161	1	1	0
group01162	1	0	1
group01163	1	0	0
group01164	1	0	0
group01166	1	0	0
group01168	1	1	0
group01169	1	0	0
group01174	0	1	0
group01176	1	1	1
group01181	0	1	0
group01183	1	0	1
group01184	0	1	0
group01185	1	0	0
group01186	1	1	1
group01188	1	1	0
group01189	0	1	1
group01196	1	1	1
group01199	0	1	1
group01201	0	1	0
group01205	1	1	1
group01208	0	1	1
group01209	1	0	0
group01210	1	0	0
group01211	0	1	0
group01212	0	1	0
group01215	0	0	1
group01217	1	1	0
group01218	1	0	0
group01221	1	1	1
group01222	0	1	1
group01223	1	0	1
group01226	0	1	1
group01230	0	1	0
group01231	1	1	1
group01235	0	1	1
group01238	1	1	1
group01241	0	1	0
group01244	0	1	0
group01246	1	1	1
group01248	1	1	0
group01251	0	1	0
group01256	1	0	0
group01262	1	0	1
group01263	0	1	0
group01269	1	0	0
group01271	1	0	1
group01277	1	1	1
group01278	1	1	1
group01281	1	0	0
group01284	0	1	0
group01287	1	1	0
group01289	1	1	1
group01301	1	1	1
group01307	1	0	1
group01309	1	0	0
group01310	1	0	1
group01315	1	0	0
group01316	1	0	1
group01317	1	0	0
group01318	1	0	0
group01319	1	0	1
group01320	1	0	1
group01321	1	1	0
group01324	1	0	0
group01327	0	0	1
group01328	0	1	0
group01331	0	0	1
group01333	1	0	0
group01337	0	1	0
group01338	1	1	1
group01343	0	1	0
group01345	1	0	0
group01351	1	0	0
group01353	1	0	0
group01359	0	1	0
group01365	1	0	0
group01366	1	1	1
group01367	1	1	0
group01368	1	1	0
group01373	1	0	0
group01376	1	1	1
group01377	0	1	0
group01378	1	1	1
group01383	1	0	0
group01387	1	0	0
group01390	1	1	0
group01394	1	0	1
group01396	1	1	1
group01397	1	1	0
group01400	1	0	0
group01402	1	0	1
group01404	0	0	1
group01406	0	0	1
group01409	1	1	1
group01410	1	0	1
group01414	1	1	1
group01419	1	0	1
group01436	0	1	0
group01437	0	1	0
group01446	1	0	1
group01447	0	1	0
group01451	1	0	0
group01472	0	1	0
group01473	1	1	0
group01474	1	1	1
group01476	0	1	1
group01483	0	1	1
group01484	0	0	1
group01487	0	1	1
group01488	1	1	0
group01494	1	0	0
group01495	1	1	1
group01504	1	0	0
group01507	0	1	0
group01511	0	1	1
group01512	1	0	1
group01513	1	1	1
group01519	0	0	1
group01522	1	0	1
group01524	0	1	1
group01525	1	1	0
group01527	1	0	0
group01528	1	0	1
group01543	0	1	0
group01566	0	0	1
group01572	1	1	1
group01573	0	1	0
group01586	0	1	0
group01589	1	0	0
group01590	1	0	0
group01592	1	0	0
group01597	1	1	1
group01600	1	0	0
group01606	0	1	0
group01607	1	0	1
group01608	1	1	0
group01609	0	0	1
group01631	1	1	0
group01642	1	1	1
group01643	1	1	1
group01644	1	0	1
group01648	1	0	0
group01667	1	0	0
group01668	1	0	0
group01669	1	0	0
group01676	0	0	1
group01677	0	1	0
group01680	0	1	0
group01684	1	1	1
group01687	1	1	1
group01694	0	1	0
group01695	0	1	0
group01700	1	0	0
group01707	0	1	1
group01708	1	1	0
group01727	1	1	1
group01728	0	1	0
group01732	0	1	0
group01738	0	1	0
group01739	1	0	0
group01740	1	0	0
group01741	1	1	0
group01742	1	1	1
group01745	0	1	1
group01756	0	0	1
group01768	1	0	0
group01772	0	1	0
group01776	0	1	0
group01784	0	1	0
group01785	0	1	1
group01788	0	0	1
group01791	0	1	0
group01798	1	0	0
group01800	0	1	0
group01815	1	0	1
group01816	1	0	0
group01817	1	0	0
group01822	0	1	0
group01823	0	1	0
group01826	0	1	0
group01830	0	0	1
group01832	0	1	0
group01846	0	0	1
group01851	0	1	0
group01863	0	1	0
group01874	0	1	0
group01888	1	0	1
group01895	0	1	0
group01900	1	0	0
group01901	1	0	1
group01902	1	0	0
group01921	0	1	0
group01946	1	1	1
group01947	0	0	1
group01963	0	1	0
group01964	1	0	0
group01974	1	0	0
group01980	0	0	1
group01998	0	0	1
group02012	1	0	1
group02013	1	1	1
group02014	1	1	1
group02015	1	1	0
group02017	1	0	0
group02018	1	0	0
group02019	1	1	0
group02027	0	0	1
group02033	0	1	0
group02036	0	0	1
group02055	0	1	0
group02056	0	1	0
group02083	0	1	0
group02097	0	0	1
group02098	1	0	1
group02132	1	0	1
group02141	1	0	0
group02142	1	0	0
group02143	1	0	0
group02144	1	1	0
group02145	1	0	0
group02146	1	1	0
group02147	1	0	0
group02184	0	0	1
group02185	0	0	1
group02187	0	0	1
group02188	0	1	0
group02280	0	1	0
group02281	0	1	0
group02317	0	1	1
group02334	0	0	1
group02348	0	0	1
group02351	1	0	0
group02352	1	1	1
group02355	1	0	0
group02356	1	0	0
group02357	1	0	0
group02358	1	0	0
group02360	0	0	1
group02376	0	1	0
group02380	0	1	0
group02382	0	0	1
group02383	0	0	1
group02384	0	0	1
group02385	0	0	1
group02396	0	1	0
group02468	0	1	0
group02500	0	0	1
group02578	0	1	0
group02584	0	0	1
group02611	0	0	1
group02621	0	1	0
group02622	0	0	1
group02630	1	0	1
group02631	1	0	0
group02632	1	1	0
group02634	1	0	0
group02635	1	0	0
group02636	1	0	0
group02638	1	0	0
group02639	1	0	0
group02641	1	0	0
group02642	1	0	1
group02643	1	1	0
group02645	1	0	0
group02646	1	0	0
group02647	1	0	0
group02648	1	0	0
group02650	1	0	1
group02651	1	0	0
group02652	1	0	0
group02653	1	0	0
group02654	1	0	0
group02655	1	0	1
group02696	0	0	1
group02699	0	0	1
group02705	0	0	1
group02706	0	0	1
group02707	0	0	1
group02708	0	0	1
group02791	0	1	0
group02849	0	1	0
group02863	0	1	0
group02864	0	1	0
group02865	0	1	0
group02866	0	1	0
group02867	0	1	0
group02868	0	1	0
group02869	0	1	0
group02870	0	1	0
group02871	0	1	0
group04005	0	0	1
group04006	0	0	1
group04007	0	0	1
group04008	0	0	1
group04009	0	0	1
group04010	0	0	1
group04011	0	0	1
group04012	0	0	1
group04013	0	0	1
group04014	0	0	1
group04015	0	0	1
group04016	0	0	1
group04017	0	0	1
group04018	0	0	1
group04019	0	0	1
group04020	0	0	1
group04021	0	0	1
group04022	0	0	1
group04023	0	0	1
group04024	0	0	1
group04025	0	0	1
group04026	0	0	1
group04027	0	0	1
group04028	0	0	1
group04029	0	0	1
group04030	0	0	1
group04031	0	0	1
group04032	0	0	1
group04048	0	1	0
group04049	0	1	0
group04050	0	1	0
group04051	0	1	0
group04052	0	1	0
group04053	0	1	0
group04054	0	1	0
group04055	0	1	0
group04056	0	1	0
group04057	0	1	0
group04058	0	1	0
group04059	0	1	0
group04060	0	1	0
group04061	0	1	0
group04062	0	1	0
group04063	0	1	0
group04064	0	1	0
group04065	0	1	0
group04066	0	1	0
group04067	0	1	0
group04068	0	1	0
group04069	1	0	0
group04070	1	0	0
group04071	1	0	0
group04072	1	0	0
group04073	1	0	0
group04074	1	0	0
group04075	1	0	0
group04076	1	0	0
group04077	1	0	0
group04078	1	0	0
group04079	1	0	0
group04080	1	0	0
group04081	1	0	0
group04082	1	0	0
group04083	1	0	0
group04084	1	0	0
group04085	1	0	0
group04086	1	0	0
group04087	1	0	0
group04088	1	0	0
group04089	1	0	0
group04090	1	0	0
group04091	1	0	0
group04092	1	0	0
group04093	1	0	0
group04094	1	0	0
group04095	1	0	0
group04096	1	0	0
group04097	1	0	0
group04098	1	0	0
group04099	1	0	0
group04100	1	0	0
group04101	1	0	0
group04102	1	0	0
group04103	1	0	0
group04104	1	0	0
group04105	1	0	0
group04106	1	0	0
group04107	1	0	0
group04108	1	0	0
group04109	1	0	0
group04110	1	0	0
group04111	1	0	0
group04112	1	0	0
group04113	1	0	0
group04114	1	0	0
group04115	1	0	0
group04116	1	0	0
group04117	1	0	0
group04118	1	0	0
group04119	1	0	0
group04120	1	0	0
group04121	1	0	0
group04122	1	0	0
group04123	1	0	0
group04124	1	0	0
group04125	1	0	0
group04126	1	0	0
group04127	1	0	0
group04128	1	0	0
group04129	1	0	0
group04130	1	0	0
group04131	1	0	0
group04132	1	0	0
group04133	1	0	0
group04134	1	0	0
group04135	1	0	0
group04136	1	0	0
group04137	1	0	0
group04138	1	0	0
group04139	1	0	0
group04140	1	0	0
group04141	1	0	0
group04142	1	0	0
group04143	1	0	0
group04144	1	0	0
group04145	1	0	0
group04146	1	0	0
group04147	1	0	0
group04148	1	0	0
group04149	1	0	0
group04150	1	0	0
group04151	1	0	0
group04152	1	0	0
group04153	1	0	0
group04154	1	0	0
group04155	1	0	0
group04156	1	0	0
group04157	1	0	0
group04158	1	0	0
